0.0 50.0 0.0 0.049002644299 -4.83603853781e-19
0.1 -0.05 15.9313574959 0.0490038902148 -2.6949184368e-16
0.2 -0.05 7.96560028633 0.0490076186313 -5.08914758886e-16
0.3 -0.05 5.31031301086 0.0490138016727 -6.88424863211e-16
0.4 -0.05 3.9826432184 0.0490223932651 -9.4090579715e-16
0.5 -0.05 3.18602041856 0.049033329708 -1.20634792337e-15
0.6 -0.05 2.65492111441 0.0490465304614 -1.41444528379e-15
0.7 -0.05 2.27554952144 0.0490618991327 -1.67552095516e-15
0.8 -0.05 1.99100774729 0.0490793246493 -1.92550240075e-15
0.9 -0.05 1.76968585166 0.0490986825939 -2.0865458104e-15
1.0 -0.05 1.5926178703 0.0491198366831 -2.31326900181e-15
1.1 -0.05 1.44773455314 0.0491426403625 -2.55525826803e-15
1.2 -0.05 1.32698973342 0.0491669384928 -2.74832799341e-15
1.3 -0.05 1.22481298792 0.0491925691008 -2.99224129496e-15
1.4 -0.05 1.13722544286 0.0492193651666 -3.22415722186e-15
1.5 -0.05 1.0613092574 0.0492471564196 -3.3815088384e-15
1.6 -0.05 0.994876050875 0.0492757711181 -3.61071595393e-15
1.7 -0.05 0.936252355658 0.0493050377847 -3.77654975841e-15
1.8 -0.05 0.884136585777 0.0493347868753 -3.98729833195e-15
1.9 -0.05 0.837501173311 0.0493648523588 -4.15351753642e-15
2.0 -0.05 0.795524063886 0.0493950731887 -4.31887192025e-15
2.1 -0.05 0.757539784871 0.0494252946483 -4.52546918532e-15
2.2 -0.05 0.723003858622 0.0494553695574 -4.67138670411e-15
2.3 -0.05 0.691466499224 0.0494851593282 -4.84064760389e-15
2.4 -0.05 0.662552885045 0.0495145348626 -4.99352349834e-15
2.5 -0.05 0.635948165884 0.0495433772865 -5.14919290746e-15
2.6 -0.05 0.611385929996 0.0495715785199 -5.29072533668e-15
2.7 -0.05 0.588639234015 0.0495990416817 -5.38068701194e-15
2.8 -0.05 0.567513555026 0.0496256813359 -5.5472966986e-15
2.9 -0.05 0.54784120083 0.0496514235839 -5.64360265064e-15
3.0 -0.05 0.529476838163 0.0496762060108 -5.7435135749e-15
3.1 -0.05 0.512293886412 0.0496999774983 -5.84443755056e-15
3.2 -0.05 0.496181587513 0.0497226979133 -5.95803822132e-15
3.3 -0.05 0.4810426086 0.0497443376886 -6.03284478309e-15
3.4 -0.05 0.466791067704 0.0497648773066 -6.13003503752e-15
3.5 -0.05 0.453350897917 0.0497843067029 -6.19646613751e-15
3.6 -0.05 0.440654484185 0.0498026246043 -6.26580594864e-15
3.7 -0.05 0.428641521168 0.0498198378142 -6.32054968802e-15
3.8 -0.05 0.417258051433 0.0498359604631 -6.37056190135e-15
3.9 -0.05 0.406455651623 0.0498510132348 -6.38533923815e-15
4.0 -0.05 0.396190740694 0.0498650225837 -6.49549079074e-15
4.1 -0.05 0.386423989391 0.0498780199536 -6.52331074086e-15
4.2 -0.05 0.377119814083 0.0498900410101 -6.53635166012e-15
4.3 -0.05 0.368245941224 0.049901124896 -6.57759877652e-15
4.4 -0.05 0.359773031207 0.0499113135179 -6.64948815682e-15
4.5 -0.05 0.351674352373 0.0499206508704 -6.63281007809e-15
4.6 -0.05 0.343925497535 0.0499291824057 -6.64837515553e-15
4.7 -0.05 0.336504136696 0.0499369544502 -6.73557889151e-15
4.8 -0.05 0.329389800674 0.0499440136743 -6.70707623284e-15
4.9 -0.05 0.322563691224 0.049950406614 -6.70028641673e-15
5.0 -0.05 0.316008513943 0.0499561792488 -6.70066080529e-15
5.1 -0.0500000000001 0.309708330835 0.0499613766322 -6.75551804709e-15
5.2 -0.05 0.303648429887 0.0499660425769 -6.75081193204e-15
5.3 -0.05 0.297815209413 0.049970219391 -6.79658220437e-15
5.4 -0.05 0.292196075239 0.049973947663 -6.87576623241e-15
5.5 -0.05 0.286779349119 0.0499772660938 -6.85022310686e-15
5.6 -0.05 0.281554186951 0.0499802113711 -6.86546631178e-15
5.7 -0.05 0.276510505607 0.0499828180833 -6.90246132278e-15
5.8 -0.05 0.271638917332 0.049985118669 -6.97853504584e-15
5.9 -0.05 0.266930670816 0.0499871433977 -6.9449146141e-15
6.0 -0.05 0.262377598154 0.049988920379 -6.9898175247e-15
6.1 -0.05 0.257972067028 0.0499904755948 -7.06522717392e-15
6.2 -0.05 0.253706937512 0.0499918329524 -7.08959800588e-15
6.3 -0.05 0.249575522996 0.049993014354 -7.11641845712e-15
6.4 -0.05 0.245571554769 0.0499940397795 -7.18587177067e-15
6.5 -0.05 0.241689149876 0.0499949273799 -7.26296870953e-15
6.6 -0.05 0.237922781887 0.0499956935777 -7.24968384478e-15
6.7 -0.05 0.234267254298 0.049996353173 -7.36061466769e-15
6.8 -0.05 0.23071767627 0.0499969194521 -7.43617339471e-15
6.9 -0.05 0.227269440474 0.0499974042968 -7.52286891093e-15
7.0 -0.05 0.223918202848 0.0499978182933 -7.61453142835e-15
7.1 -0.05 0.220659864052 0.0499981708389 -7.65826204535e-15
7.2 -0.05 0.217490552475 0.0499984702452 -7.73218769286e-15
7.3 -0.05 0.214406608638 0.0499987238376 -7.7957897028e-15
7.4 -0.05 0.211404570858 0.0499989380493 -7.90506711739e-15
7.5 -0.05 0.208481162065 0.0499991185108 -7.97568594827e-15
7.6 -0.05 0.205633277652 0.0499992701327 -8.06753820107e-15
7.7 -0.05 0.202857974282 0.0499993971836 -8.11918688206e-15
7.8 -0.05 0.200152459545 0.0499995033613 -8.22656016659e-15
7.9 -0.05 0.197514082407 0.049999591859 -8.28290818637e-15
8.0 -0.05 0.194940324376 0.0499996654244 -8.37924293753e-15
8.1 -0.05 0.192428791319 0.0499997264149 -8.43947036821e-15
8.2 -0.05 0.189977205877 0.0499997768459 -8.52916099293e-15
8.3 -0.05 0.187583400435 0.0499998184352 -8.59821111879e-15
8.4 -0.05 0.185245310584 0.0499998526423 -8.72370413212e-15
8.5 -0.05 0.182960969055 0.0499998807034 -8.81649828556e-15
8.6 -0.05 0.180728500069 0.049999903662 -8.87431336641e-15
8.7 -0.05 0.17854611408 0.0499999223965 -8.94662287505e-15
8.8 -0.05 0.176412102872 0.0499999376438 -9.00376371767e-15
8.9 -0.05 0.174324834996 0.0499999500205 -9.12179945294e-15
9.0 -0.05 0.172282751499 0.0499999600407 -9.14291090211e-15
9.1 -0.0500000000001 0.170284361944 0.0499999681317 -9.2715853712e-15
9.2 -0.05 0.168328240687 0.0499999746479 -9.18239618998e-15
9.3 -0.05 0.166413023389 0.0499999798821 -9.28707929787e-15
9.4 -0.05 0.164537403761 0.0499999840754 -9.35438453586e-15
9.5 -0.05 0.162700130504 0.0499999874262 -9.40680232276e-15
9.6 -0.05 0.160900004449 0.0499999900968 -9.42408857115e-15
9.7 -0.05 0.159135875866 0.0499999922196 -9.47714671497e-15
9.8 -0.05 0.157406641942 0.0499999939026 -9.46847987385e-15
9.9 -0.05 0.155711244415 0.0499999952335 -9.51356574357e-15
10.0 -0.05 0.154048667344 0.0499999962832 -9.57553467399e-15
10.1 -0.0499999999999 0.152417935011 0.049999997109 -9.57970207609e-15
10.2 -0.05 0.150818109956 0.0499999977569 -9.5949656098e-15
10.3 -0.05 0.149248291114 0.049999998264 -9.58227705625e-15
10.4 -0.05 0.147707612067 0.0499999986597 -9.62936192372e-15
10.5 -0.05 0.146195239395 0.0499999989679 -9.63543006775e-15
10.6 -0.05 0.144710371118 0.0499999992072 -9.64717672067e-15
10.7 -0.05 0.143252235229 0.0499999993925 -9.69569476789e-15
10.8 -0.05 0.141820088304 0.0499999995357 -9.69007724538e-15
10.9 -0.05 0.140413214192 0.049999999646 -9.65731401098e-15
11.0 -0.05 0.139030922774 0.0499999997308 -9.65284167702e-15
11.1 -0.05 0.137672548793 0.0499999997958 -9.682277766e-15
11.2 -0.05 0.136337450743 0.0499999998454 -9.6181472075e-15
11.3 -0.05 0.135025009814 0.0499999998833 -9.65112050607e-15
11.4 -0.05 0.133734628904 0.0499999999122 -9.58848072555e-15
11.5 -0.05 0.13246573167 0.049999999934 -9.62050534722e-15
11.6 -0.05 0.131217761633 0.0499999999506 -9.64148465926e-15
11.7 -0.05 0.129990181332 0.0499999999631 -9.63956697667e-15
11.8 -0.05 0.128782471516 0.0499999999725 -9.64001421007e-15
11.9 -0.0500000000001 0.12759413038 0.0499999999795 -9.62995823492e-15
12.0 -0.05 0.126424672838 0.0499999999848 -9.6083419541e-15
12.1 -0.05 0.125273629829 0.0499999999888 -9.61658866688e-15
12.2 -0.0500000000001 0.124140547666 0.0499999999917 -9.61259744763e-15
12.3 -0.05 0.123024987406 0.0499999999939 -9.58744395723e-15
12.4 -0.05 0.121926524257 0.0499999999955 -9.63430181987e-15
12.5 -0.05 0.120844747015 0.0499999999967 -9.66707183053e-15
12.6 -0.05 0.119779257519 0.0499999999976 -9.66015326542e-15
12.7 -0.05 0.118729670141 0.0499999999983 -9.65967215071e-15
12.8 -0.05 0.117695611298 0.0499999999987 -9.68292828731e-15
12.9 -0.05 0.11667671898 0.0499999999991 -9.67609781362e-15
13.0 -0.05 0.11567264231 0.0499999999993 -9.70959288448e-15
13.1 -0.05 0.114683041117 0.0499999999995 -9.73872404161e-15
13.2 -0.05 0.113707585528 0.0499999999997 -9.69947592296e-15
13.3 -0.05 0.112745955586 0.0499999999998 -9.76595106866e-15
13.4 -0.05 0.111797840875 0.0499999999998 -9.74926790773e-15
13.5 -0.05 0.110862940171 0.0499999999999 -9.77001682681e-15
13.6 -0.05 0.109940961099 0.0499999999999 -9.79327296341e-15
13.7 -0.0500000000001 0.109031619816 0.0499999999999 -9.82885512346e-15
13.8 -0.05 0.108134640695 0.05 -9.86139474116e-15
13.9 -0.05 0.107249756037 0.05 -9.89672617946e-15
14.0 -0.05 0.106376705781 0.05 -9.83758295095e-15
14.1 -0.05 0.105515237237 0.05 -9.84366125938e-15
14.2 -0.05 0.104665104825 0.05 -9.92257762501e-15
14.3 -0.05 0.103826069829 0.05 -9.91399887532e-15
14.4 -0.05 0.102997900153 0.05 -9.91138323757e-15
14.5 -0.05 0.102180370099 0.05 -9.9674907e-15
14.6 -0.0500000000001 0.101373260143 0.05 -9.95553059479e-15
14.7 -0.05 0.100576356729 0.05 -9.96256435638e-15
14.8 -0.05 0.0997894520646 0.05 -1.00088530129e-14
14.9 -0.05 0.0990123439273 0.05 -9.97125152629e-15
15.0 -0.05 0.0982448354809 0.05 -1.00375166078e-14
15.1 -0.05 0.0974867350959 0.05 -1.00011348487e-14
15.2 -0.05 0.0967378561782 0.05 -1.0011888779e-14
15.3 -0.05 0.0959980170048 0.05 -1.00405862552e-14
15.4 -0.05 0.0952670405651 0.05 -1.0042585253e-14
15.5 -0.05 0.0945447544099 0.05 -1.00231780341e-14
15.6 -0.05 0.093830990504 0.05 -1.00495715807e-14
15.7 -0.05 0.0931255850862 0.05 -1.00727667309e-14
15.8 -0.05 0.0924283785341 0.05 -1.00683418308e-14
15.9 -0.05 0.0917392152337 0.05 -1.01103953226e-14
16.0 -0.05 0.0910579434541 0.05 -1.01760234354e-14
16.1 -0.0499999999999 0.0903844152269 0.05 -1.01560741154e-14
16.2 -0.0500000000001 0.0897184862302 0.05 -1.0136063809e-14
16.3 -0.05 0.0890600156766 0.05 -1.0154366497e-14
16.4 -0.05 0.0884088662053 0.05 -1.02540521105e-14
16.5 -0.05 0.0877649037785 0.05 -1.02712163861e-14
16.6 -0.05 0.087127997581 0.05 -1.02918094511e-14
16.7 -0.0500000000001 0.0864980199239 0.05 -1.03060192758e-14
16.8 -0.05 0.0858748461512 0.05 -1.03712543653e-14
16.9 -0.05 0.0852583545507 0.05 -1.03757809094e-14
17.0 -0.05 0.0846484262668 0.05 -1.04799998432e-14
17.1 -0.05 0.0840449452169 0.05 -1.04915601489e-14
17.2 -0.0500000000001 0.0834477980111 0.05 -1.05364393425e-14
17.3 -0.05 0.0828568738744 0.05 -1.06147932783e-14
17.4 -0.05 0.082272064571 0.05 -1.06484713083e-14
17.5 -0.05 0.0816932643323 0.05 -1.06960745599e-14
17.6 -0.05 0.0811203697871 0.05 -1.07536321427e-14
17.7 -0.05 0.080553279892 0.05 -1.08528569703e-14
17.8 -0.05 0.079991895868 0.05 -1.08926946239e-14
17.9 -0.0499999999999 0.0794361211369 0.05 -1.09516142357e-14
18.0 -0.05 0.0788858612589 0.05 -1.10356331278e-14
18.1 -0.05 0.078341023875 0.05 -1.11407668572e-14
18.2 -0.05 0.0778015186488 0.05 -1.11999914009e-14
18.3 -0.0499999999999 0.0772672572116 0.05 -1.12335610107e-14
18.4 -0.05 0.0767381531088 0.05 -1.13585830737e-14
18.5 -0.05 0.0762141217482 0.05 -1.14781841258e-14
18.6 -0.0500000000002 0.0756950803502 0.05 -1.15035747855e-14
18.7 -0.05 0.0751809478981 0.05 -1.15331870573e-14
18.8 -0.05 0.0746716450932 0.05 -1.16651141329e-14
18.9 -0.0500000000001 0.0741670943074 0.05 -1.16904980163e-14
19.0 -0.05 0.0736672195402 0.05 -1.17827297398e-14
19.1 -0.05 0.073171946376 0.05 -1.18671823128e-14
19.2 -0.0499999999999 0.0726812019422 0.05 -1.19294968326e-14
19.3 -0.05 0.0721949148704 0.05 -1.19703712546e-14
19.4 -0.0500000000001 0.0717130152562 0.05 -1.20491520949e-14
19.5 -0.05 0.0712354346224 0.05 -1.20765824099e-14
19.6 -0.05 0.0707621058826 0.05 -1.2147258839e-14
19.7 -0.05 0.0702929633055 0.05 -1.21474282456e-14
19.8 -0.05 0.0698279424808 0.05 -1.21827258026e-14
19.9 -0.05 0.0693669802867 0.05 -1.22129343856e-14
20.0 -0.05 0.0689100148559 0.05 -1.22484691118e-14
20.1 -0.05 0.068456985546 0.05 -1.22835362758e-14
20.2 -0.0499999999999 0.0680078329088 0.05 -1.23081273363e-14
20.3 -0.05 0.0675624986602 0.05 -1.22755809424e-14
20.4 -0.05 0.0671209256522 0.05 -1.23436756151e-14
20.5 -0.05 0.0666830578453 0.05 -1.2337041653e-14
20.6 -0.0499999999999 0.0662488402809 0.05 -1.2305443936e-14
20.7 -0.0500000000001 0.0658182190559 0.05 -1.23150323489e-14
20.8 -0.05 0.0653911412967 0.05 -1.23120440167e-14
20.9 -0.05 0.0649675551346 0.05 -1.22592433709e-14
21.0 -0.05 0.0645474096825 0.05 -1.22592298184e-14
21.1 -0.0499999999999 0.0641306550109 0.05 -1.22471612929e-14
21.2 -0.05 0.0637172421253 0.05 -1.2282255562e-14
21.3 -0.05 0.0633071229447 0.05 -1.22832177914e-14
21.4 -0.05 0.0629002502799 0.05 -1.22304984608e-14
21.5 -0.05 0.0624965778128 0.05 -1.22377829441e-14
21.6 -0.05 0.0620960600759 0.05 -1.21739369887e-14
21.7 -0.0499999999999 0.0616986524332 0.05 -1.2141499015e-14
21.8 -0.05 0.0613043110607 0.05 -1.21322019813e-14
21.9 -0.05 0.060912992928 0.05 -1.2124944603e-14
22.0 -0.05 0.0605246557802 0.05 -1.20749967642e-14
22.1 -0.05 0.0601392581205 0.05 -1.20739735484e-14
22.2 -0.0499999999996 0.0597567591927 0.05 -1.20778563474e-14
22.3 -0.05 0.0593771189639 0.05 -1.20188079866e-14
22.4 -0.0500000000001 0.0590002981109 0.05 -1.19969613128e-14
22.5 -0.05 0.0586262580017 0.05 -1.20038663254e-14
22.6 -0.05 0.0582549606808 0.05 -1.1947501365e-14
22.7 -0.05 0.0578863688554 0.05 -1.19443571787e-14
22.8 -0.05 0.0575204458793 0.05 -1.19254920609e-14
22.9 -0.05 0.0571571557401 0.05 -1.19437608675e-14
23.0 -0.0499999999999 0.0567964630443 0.05 -1.19302964318e-14
23.1 -0.0500000000001 0.0564383330044 0.05 -1.18922341592e-14
23.2 -0.0499999999999 0.0560827314259 0.05 -1.18587865222e-14
23.3 -0.05 0.0557296246944 0.05 -1.18280358381e-14
23.4 -0.05 0.0553789797629 0.05 -1.18518205233e-14
23.5 -0.05 0.05503076414 0.05 -1.18438380848e-14
23.6 -0.05 0.0546849458782 0.05 -1.18257793423e-14
23.7 -0.05 0.0543414935618 0.05 -1.18764996752e-14
23.8 -0.05 0.0540003762966 0.05 -1.18196332713e-14
23.9 -0.0500000000002 0.0536615636981 0.05 -1.17761906455e-14
24.0 -0.05 0.053325025881 0.05 -1.18167804643e-14
24.1 -0.05 0.0529907334496 0.05 -1.17504611727e-14
24.2 -0.05 0.0526586574866 0.05 -1.17354720776e-14
24.3 -0.0499999999999 0.0523287695437 0.05 -1.17092140563e-14
24.4 -0.0500000000001 0.0520010416321 0.05 -1.16880179038e-14
24.5 -0.05 0.0516754462123 0.05 -1.16595101629e-14
24.6 -0.05 0.0513519561863 0.05 -1.15956371024e-14
24.7 -0.0500000000002 0.0510305448878 0.05 -1.15446118377e-14
24.8 -0.05 0.0507111860721 0.05 -1.15275085484e-14
24.9 -0.05 0.0503938539111 0.05 -1.14784687289e-14
25.0 -0.0499999999999 0.0500785229813 0.05 -1.14058136308e-14
25.1 -0.05 0.0497651682579 0.05 -1.13684696422e-14
25.2 -0.05 0.0494537651057 0.05 -1.1284240686e-14
25.3 -0.0499999999999 0.0491442892723 0.05 -1.12007096848e-14
25.4 -0.0500000000006 0.0488367168804 0.05 -1.11262656532e-14
25.5 -0.05 0.0485310244176 0.05 -1.10618640441e-14
25.6 -0.05 0.0482271887353 0.05 -1.09528068581e-14
25.7 -0.05 0.0479251870358 0.05 -1.08909734529e-14
25.8 -0.0499999999999 0.0476249968678 0.05 -1.07694208369e-14
25.9 -0.05 0.0473265961198 0.05 -1.07063541518e-14
26.0 -0.05 0.0470299630134 0.05 -1.0619489229e-14
26.1 -0.05 0.0467350760961 0.05 -1.04858613112e-14
26.2 -0.05 0.0464419142361 0.05 -1.03277236481e-14
26.3 -0.0499999999998 0.0461504566154 0.05 -1.02416786532e-14
26.4 -0.05 0.0458606827246 0.05 -1.01672007402e-14
26.5 -0.05 0.045572572356 0.05 -1.00967953616e-14
26.6 -0.05 0.0452861055985 0.05 -9.9391184844e-15
26.7 -0.05 0.0450012628322 0.05 -9.8037490669e-15
26.8 -0.05 0.0447180247223 0.05 -9.66825767666e-15
26.9 -0.05 0.0444363722145 0.05 -9.5400439935e-15
27.0 -0.05 0.0441562865291 0.05 -9.3795210856e-15
27.1 -0.0499999999999 0.0438777491562 0.05 -9.30272569047e-15
27.2 -0.05 0.0436007418506 0.05 -9.09703220956e-15
27.3 -0.05 0.0433252466272 0.05 -9.03658116218e-15
27.4 -0.05 0.0430512457555 0.05 -8.90366475209e-15
27.5 -0.05 0.0427787217559 0.05 -8.80461610737e-15
27.6 -0.05 0.0425076573944 0.05 -8.68237231243e-15
27.7 -0.0500000000001 0.0422380356782 0.05 -8.57576135755e-15
27.8 -0.0500000000001 0.0419698398515 0.05 -8.46546411529e-15
27.9 -0.0499999999999 0.0417030533914 0.05 -8.32350139333e-15
28.0 -0.05 0.041437660003 0.05 -8.17161144523e-15
28.1 -0.05 0.0411736436161 0.05 -8.04934732149e-15
28.2 -0.05 0.0409109883805 0.05 -7.97989061982e-15
28.3 -0.05 0.0406496786627 0.05 -7.89808756591e-15
28.4 -0.05 0.0403896990415 0.05 -7.73677183517e-15
28.5 -0.0499999999999 0.0401310343044 0.05 -7.62375731121e-15
28.6 -0.0499999999998 0.0398736694442 0.05 -7.53577430491e-15
28.7 -0.05 0.0396175896546 0.05 -7.41355761502e-15
28.8 -0.0499999999999 0.0393627803278 0.05 -7.3429557248e-15
28.9 -0.0500000000001 0.0391092270499 0.05 -7.21916694176e-15
29.0 -0.05 0.0388569155984 0.05 -7.13652363116e-15
29.1 -0.05 0.0386058319382 0.05 -7.05818324793e-15
29.2 -0.05 0.0383559622187 0.05 -6.94621226857e-15
29.3 -0.0500000000001 0.0381072927698 0.05 -6.83951322227e-15
29.4 -0.05 0.0378598101015 0.05 -6.76388334448e-15
29.5 -0.05 0.0376135008963 0.05 -6.69569380409e-15
29.6 -0.05 0.0373683520104 0.05 -6.58875758857e-15
29.7 -0.05 0.0371243504685 0.05 -6.51764747858e-15
29.8 -0.05 0.036881483461 0.05 -6.4523039689e-15
29.9 -0.05 0.0366397383426 0.05 -6.35361446615e-15
30.0 -0.05 0.036399102628 0.05 -6.27271265529e-15
30.1 -0.05 0.0361595639897 0.05 -6.23730667809e-15
30.2 -0.0500000000001 0.0359211102558 0.05 -6.12521372598e-15
30.3 -0.05 0.0356837294059 0.05 -6.04562651026e-15
30.4 -0.05 0.0354474095711 0.05 -6.0301020904e-15
30.5 -0.05 0.035212139029 0.05 -5.98611736352e-15
30.6 -0.05 0.0349779062025 0.05 -5.8445747699e-15
30.7 -0.05 0.0347446996571 0.05 -5.80006149446e-15
30.8 -0.05 0.0345125080985 0.05 -5.70891397307e-15
30.9 -0.05 0.0342813203703 0.05 -5.63264035023e-15
31.0 -0.05 0.0340511254516 0.05 -5.63488329348e-15
31.1 -0.05 0.0338219124555 0.05 -5.55453713623e-15
31.2 -0.05 0.0335936706257 0.05 -5.50444699586e-15
31.3 -0.05 0.0333663893351 0.05 -5.40318928922e-15
31.4 -0.05 0.0331400580835 0.05 -5.36226065721e-15
31.5 -0.05 0.0329146664959 0.05 -5.3014979017e-15
31.6 -0.05 0.0326902043197 0.05 -5.26623422604e-15
31.7 -0.05 0.0324666614236 0.05 -5.21921373307e-15
31.8 -0.05 0.0322440277946 0.05 -5.19782784522e-15
31.9 -0.05 0.0320222935373 0.05 -5.1568450031e-15
32.0 -0.05 0.0318014488709 0.05 -5.07937875788e-15
32.1 -0.0499999999999 0.031581484128 0.05 -5.06784555727e-15
32.2 -0.05 0.0313623897531 0.05 -5.01264611416e-15
32.3 -0.05 0.0311441562994 0.05 -5.00808568877e-15
32.4 -0.0500000000001 0.0309267744287 0.05 -4.95880870003e-15
32.5 -0.05 0.0307102349085 0.05 -4.93413632435e-15
32.6 -0.0500000000001 0.0304945286111 0.05 -4.95182237228e-15
32.7 -0.05 0.0302796465116 0.05 -4.91483752568e-15
32.8 -0.0500000000001 0.0300655796863 0.05 -4.88185745084e-15
32.9 -0.05 0.0298523193104 0.05 -4.87943832474e-15
33.0 -0.0500000000001 0.0296398566582 0.05 -4.93595913925e-15
33.1 -0.05 0.0294281831001 0.05 -4.89619602457e-15
33.2 -0.0499999999999 0.029217290101 0.05 -4.94505288497e-15
33.3 -0.0500000000002 0.0290071692195 0.05 -4.95299466588e-15
33.4 -0.05 0.0287978121067 0.05 -4.97129057754e-15
33.5 -0.0500000000001 0.0285892105037 0.05 -4.98019458789e-15
33.6 -0.0500000000001 0.0283813562409 0.05 -5.01096560079e-15
33.7 -0.05 0.0281742412365 0.05 -5.02822474413e-15
33.8 -0.05 0.0279678574952 0.05 -5.05816227661e-15
33.9 -0.0500000000001 0.0277621971066 0.05 -5.04874327024e-15
34.0 -0.0500000000001 0.0275572522444 0.05 -5.09486929642e-15
34.1 -0.05 0.0273530151641 0.05 -5.12165586634e-15
34.2 -0.05 0.0271494782031 0.05 -5.18045350541e-15
34.3 -0.05 0.0269466337784 0.05 -5.23704208255e-15
34.4 -0.0500000000001 0.0267444743857 0.05 -5.28181285601e-15
34.5 -0.0499999999999 0.0265429925982 0.05 -5.29160455688e-15
34.6 -0.0500000000002 0.0263421810654 0.05 -5.25787909305e-15
34.7 -0.0499999999998 0.0261420325123 0.05 -5.3660756936e-15
34.8 -0.0499999999997 0.0259425397371 0.05 -5.33317015767e-15
34.9 -0.05 0.0257436956119 0.05 -5.3647543222e-15
35.0 -0.0500000000003 0.0255454930795 0.05 -5.34433066378e-15
35.1 -0.05 0.0253479251543 0.05 -5.43071447187e-15
35.2 -0.05 0.0251509849198 0.05 -5.40650288211e-15
35.3 -0.0500000000001 0.0249546655278 0.05 -5.41484446257e-15
35.4 -0.05 0.0247589601981 0.05 -5.46270521222e-15
35.5 -0.0499999999999 0.0245638622169 0.05 -5.43959137716e-15
35.6 -0.0500000000004 0.0243693649358 0.05 -5.40957930577e-15
35.7 -0.0500000000004 0.0241754617696 0.05 -5.40131904047e-15
35.8 -0.05 0.0239821461997 0.05 -5.38487982503e-15
35.9 -0.0499999999999 0.0237894117668 0.05 -5.33136767155e-15
36.0 -0.05 0.023597252075 0.05 -5.34068503397e-15
36.1 -0.0500000000005 0.0234056607887 0.05 -5.25016092883e-15
36.2 -0.05 0.0232146316315 0.05 -5.31444056514e-15
36.3 -0.05 0.0230241583869 0.05 -5.23401309273e-15
36.4 -0.05 0.0228342348951 0.05 -5.13144079095e-15
36.5 -0.0500000000002 0.0226448550549 0.05 -5.1145746709e-15
36.6 -0.0499999999999 0.0224560128197 0.05 -5.04143168184e-15
36.7 -0.05 0.0222677021999 0.05 -4.9810483971e-15
36.8 -0.05 0.0220799172592 0.05 -4.90136631368e-15
36.9 -0.0500000000002 0.0218926521156 0.05 -4.9100331548e-15
37.0 -0.0500000000001 0.0217059009404 0.05 -4.7823480202e-15
37.1 -0.0500000000001 0.0215196579561 0.05 -4.778383906e-15
37.2 -0.0499999999999 0.0213339174374 0.05 -4.67469352073e-15
37.3 -0.05 0.0211486737091 0.05 -4.61046131828e-15
37.4 -0.0500000000002 0.0209639211462 0.05 -4.55316800973e-15
37.5 -0.05 0.0207796541725 0.05 -4.4392929003e-15
37.6 -0.0500000000001 0.0205958672604 0.05 -4.37274999196e-15
37.7 -0.0500000000001 0.0204125549298 0.05 -4.35983443358e-15
37.8 -0.0500000000001 0.0202297117477 0.05 -4.36130488278e-15
37.9 -0.0500000000001 0.0200473323261 0.05 -4.25933566845e-15
38.0 -0.0499999999999 0.0198654113256 0.05 -4.19948770853e-15
38.1 -0.0500000000004 0.0196839434489 0.05 -4.0690920685e-15
38.2 -0.05 0.0195029234413 0.05 -4.0857616769e-15
38.3 -0.05 0.0193223460963 0.05 -4.03606455982e-15
38.4 -0.0499999999999 0.0191422062473 0.05 -4.0760512912e-15
38.5 -0.05 0.0189624987704 0.05 -3.99979122089e-15
38.6 -0.0499999999998 0.0187832185829 0.05 -3.96664173946e-15
38.7 -0.0499999999999 0.0186043606435 0.05 -3.92928419836e-15
38.8 -0.0500000000001 0.0184259199512 0.05 -3.88929069072e-15
38.9 -0.05 0.0182478915449 0.05 -3.89499630465e-15
39.0 -0.05 0.0180702705015 0.05 -3.8465595726e-15
39.1 -0.0500000000001 0.0178930519381 0.05 -3.90523523892e-15
39.2 -0.05 0.0177162310088 0.05 -3.85191959709e-15
39.3 -0.0500000000001 0.0175398029045 0.05 -3.8637509533e-15
39.4 -0.0499999999999 0.017363762854 0.05 -3.79742488539e-15
39.5 -0.0499999999995 0.0171881061215 0.05 -3.85663926467e-15
39.6 -0.05 0.0170128280077 0.05 -3.89434917148e-15
39.7 -0.05 0.0168379238476 0.05 -3.89164205418e-15
39.8 -0.0500000000001 0.0166633890112 0.05 -3.87746611078e-15
39.9 -0.05 0.0164892189022 0.05 -3.88900947578e-15
40.0 -0.05 0.0163154089587 0.05 -3.90177595636e-15
40.1 -0.05 0.0161419546505 0.05 -3.88472010094e-15
40.2 -0.0499999999999 0.015968851481 0.05 -3.96108520333e-15
40.3 -0.0499999999999 0.0157960949851 0.05 -3.87521639127e-15
40.4 -0.0499999999999 0.0156236807296 0.05 -3.93807978848e-15
40.5 -0.0500000000001 0.0154516043115 0.05 -3.94589959665e-15
40.6 -0.0500000000001 0.015279861359 0.05 -3.91435270156e-15
40.7 -0.05 0.0151084475304 0.05 -3.93605707381e-15
40.8 -0.0500000000005 0.0149373585128 0.05 -3.98650296801e-15
40.9 -0.05 0.0147665900241 0.05 -3.97874753435e-15
41.0 -0.0500000000001 0.0145961378084 0.05 -3.94227090751e-15
41.1 -0.05 0.0144259976399 0.05 -3.9071190402e-15
41.2 -0.05 0.0142561653197 0.05 -3.92345322355e-15
41.3 -0.05 0.0140866366768 0.05 -3.93956379021e-15
41.4 -0.05 0.0139174075658 0.05 -3.89679879077e-15
41.5 -0.05 0.0137484738691 0.05 -3.89633461671e-15
41.6 -0.05 0.0135798314945 0.05 -3.90561809781e-15
41.7 -0.0499999999999 0.0134114763752 0.05 -3.89677507384e-15
41.8 -0.05 0.0132434044701 0.05 -3.87196717288e-15
41.9 -0.05 0.0130756117622 0.05 -3.87360025241e-15
42.0 -0.05 0.0129080942591 0.05 -3.85000869076e-15
42.1 -0.0499999999996 0.0127408479926 0.05 -3.79662528629e-15
42.2 -0.0500000000002 0.0125738690167 0.05 -3.80834822228e-15
42.3 -0.0500000000001 0.0124071534105 0.05 -3.8104183708e-15
42.4 -0.0500000000001 0.0122406972746 0.05 -3.85760827036e-15
42.5 -0.0499999999997 0.0120744967326 0.05 -3.84222276391e-15
42.6 -0.05 0.011908547928 0.05 -3.76849701618e-15
42.7 -0.05 0.0117428470292 0.05 -3.77656415797e-15
42.8 -0.0500000000002 0.0115773902233 0.05 -3.76332333894e-15
42.9 -0.0500000000001 0.0114121737192 0.05 -3.7230316757e-15
43.0 -0.05 0.0112471937465 0.05 -3.68629755085e-15
43.1 -0.05 0.0110824465539 0.05 -3.76347241674e-15
43.2 -0.05 0.0109179284104 0.05 -3.72130711662e-15
43.3 -0.05 0.0107536356046 0.05 -3.75571698307e-15
43.4 -0.0499999999997 0.0105895644437 0.05 -3.70257074783e-15
43.5 -0.0500000000001 0.010425711254 0.05 -3.75228480557e-15
43.6 -0.0499999999998 0.0102620723804 0.05 -3.75010623683e-15
43.7 -0.05 0.0100986441836 0.05 -3.75508679056e-15
43.8 -0.05 0.00993542304563 0.05 -3.79801780846e-15
43.9 -0.0500000000001 0.00977240536305 0.05 -3.75508340243e-15
44.0 -0.0500000000001 0.00960958755011 0.05 -3.73919645247e-15
44.1 -0.0499999999998 0.00944696603795 0.05 -3.78930692163e-15
44.2 -0.0500000000001 0.00928453727388 0.05 -3.77887147572e-15
44.3 -0.05 0.00912229772117 0.05 -3.82136203648e-15
44.4 -0.0499999999999 0.00896024385909 0.05 -3.78532925491e-15
44.5 -0.05 0.00879837218167 0.05 -3.79604252762e-15
44.6 -0.0499999999999 0.00863667919865 0.05 -3.79706574342e-15
44.7 -0.05 0.00847516143395 0.05 -3.77580860458e-15
44.8 -0.05 0.00831381542621 0.05 -3.8069963577e-15
44.9 -0.0499999999999 0.00815263772841 0.05 -3.82289686018e-15
45.0 -0.0499999999998 0.00799162490681 0.05 -3.77876983176e-15
45.1 -0.0499999999999 0.00783077354152 0.05 -3.72714994989e-15
45.2 -0.0500000000002 0.00767008022561 0.05 -3.72636729145e-15
45.3 -0.0500000000001 0.0075095415655 0.05 -3.75939649419e-15
45.4 -0.0499999999998 0.00734915417828 0.05 -3.74682991339e-15
45.5 -0.0500000000001 0.00718891469968 0.05 -3.80581051157e-15
45.6 -0.05 0.00702881976828 0.05 -3.68970601143e-15
45.7 -0.0500000000002 0.00686886604038 0.05 -3.66941279608e-15
45.8 -0.05 0.00670905018246 0.05 -3.57607992968e-15
45.9 -0.0500000000002 0.00654936887176 0.05 -3.57239194823e-15
46.0 -0.05 0.00638981879711 0.05 -3.49117673518e-15
46.1 -0.0499999999999 0.00623039665694 0.05 -3.44437308265e-15
46.2 -0.05 0.00607109916126 0.05 -3.36245991445e-15
46.3 -0.0499999999999 0.00591192302857 0.05 -3.34483315882e-15
46.4 -0.05 0.00575286498888 0.05 -3.21697353543e-15
46.5 -0.05 0.00559392178065 0.05 -3.18672598888e-15
46.6 -0.0500000000001 0.00543509015084 0.05 -3.09700487098e-15
46.7 -0.0499999999999 0.00527636685746 0.05 -3.03155632921e-15
46.8 -0.05 0.00511774866561 0.05 -2.94744934568e-15
46.9 -0.05 0.00495923234939 0.05 -2.8324442943e-15
47.0 -0.0499999999999 0.00480081469053 0.05 -2.77433105786e-15
47.1 -0.05 0.00464249247945 0.05 -2.64135535547e-15
47.2 -0.0499999999999 0.00448426251341 0.05 -2.51266225166e-15
47.3 -0.0499999999999 0.00432612159752 0.05 -2.47768317907e-15
47.4 -0.0499999999999 0.00416806654406 0.05 -2.37344899864e-15
47.5 -0.05 0.00401009417149 0.05 -2.23139987932e-15
47.6 -0.0500000000002 0.00385220130577 0.05 -2.15909206475e-15
47.7 -0.05 0.00369438477856 0.05 -2.15508051671e-15
47.8 -0.0499999999997 0.00353664142681 0.05 -1.96000120566e-15
47.9 -0.0500000000001 0.003378968097 0.05 -1.85076698975e-15
48.0 -0.0499999999999 0.00322136163582 0.05 -1.75062143736e-15
48.1 -0.05 0.00306381889861 0.05 -1.69040586514e-15
48.2 -0.0500000000002 0.0029063367447 0.05 -1.57476977422e-15
48.3 -0.05 0.00274891203909 0.05 -1.48696972704e-15
48.4 -0.0500000000001 0.00259154165065 0.05 -1.30234957882e-15
48.5 -0.05 0.00243422245246 0.05 -1.23395590349e-15
48.6 -0.0499999999999 0.00227695132187 0.05 -1.14956346986e-15
48.7 -0.05 0.00211972513987 0.05 -1.10197800592e-15
48.8 -0.05 0.00196254079134 0.05 -9.33248195791e-16
48.9 -0.05 0.00180539516454 0.05 -9.07273930463e-16
49.0 -0.05 0.00164828515011 0.05 -8.32389441662e-16
49.1 -0.0499999999999 0.00149120764209 0.05 -7.0585627187e-16
49.2 -0.0500000000002 0.00133415953685 0.05 -6.37706542032e-16
49.3 -0.0500000000006 0.00117713773241 0.05 -5.83084351879e-16
49.4 -0.0499999999999 0.00102013913176 0.05 -5.06881456296e-16
49.5 -0.0500000000002 0.00086316063561 0.05 -3.95233620002e-16
49.6 -0.05 0.000706199148424 0.05 -3.40431647106e-16
49.7 -0.05 0.000549251576197 0.05 -2.62073052672e-16
49.8 -0.05 0.000392314825529 0.05 -2.29281654426e-16
49.9 -0.05 0.000235385804013 0.05 -1.42345422033e-16
50.0 -0.05 7.84614193859e-05 0.05 -4.8371854626e-17
50.1 -0.05 -7.84614193344e-05 0.05 4.22074664732e-17
50.2 -0.05 -0.000235385803864 0.05 1.07862393113e-16
50.3 -0.0500000000001 -0.000392314825536 0.05 1.45189705731e-16
50.4 -0.0500000000002 -0.000549251576095 0.05 2.51240136551e-16
50.5 -0.05 -0.000706199148368 0.05 3.28636925073e-16
50.6 -0.0500000000001 -0.000863160635513 0.05 4.60328525515e-16
50.7 -0.05 -0.00102013913178 0.05 4.92570411136e-16
50.8 -0.0500000000001 -0.00117713773214 0.05 5.84036416912e-16
50.9 -0.05 -0.00133415953685 0.05 6.18336169078e-16
51.0 -0.05 -0.00149120764206 0.05 7.39174736366e-16
51.1 -0.0499999999999 -0.00164828515029 0.05 7.89563032333e-16
51.2 -0.0499999999999 -0.00180539516467 0.05 9.07007962118e-16
51.3 -0.0499999999999 -0.00196254079152 0.05 1.03426619211e-15
51.4 -0.05 -0.00211972513985 0.05 1.05992959635e-15
51.5 -0.0500000000001 -0.00227695132177 0.05 1.21217614532e-15
51.6 -0.05 -0.00243422245239 0.05 1.30244783464e-15
51.7 -0.05 -0.00259154165071 0.05 1.39566381049e-15
51.8 -0.0500000000005 -0.00274891203944 0.05 1.46638174422e-15
51.9 -0.05 -0.00290633674501 0.05 1.56542191861e-15
52.0 -0.05 -0.00306381889859 0.05 1.66020236431e-15
52.1 -0.0500000000001 -0.00322136163583 0.05 1.75740363017e-15
52.2 -0.05 -0.00337896809779 0.05 1.83934305639e-15
52.3 -0.0500000000001 -0.00353664142775 0.05 1.94415067812e-15
52.4 -0.0500000000006 -0.00369438477898 0.05 2.01151436138e-15
52.5 -0.0500000000002 -0.00385220130563 0.05 2.21896712972e-15
52.6 -0.0500000000001 -0.00401009417142 0.05 2.26936050789e-15
52.7 -0.05 -0.00416806654389 0.05 2.36404015667e-15
52.8 -0.0500000000001 -0.00432612159748 0.05 2.45882483753e-15
52.9 -0.05 -0.00448426251345 0.05 2.54559658671e-15
53.0 -0.05 -0.00464249247937 0.05 2.58295243375e-15
53.1 -0.0499999999998 -0.00480081469055 0.05 2.70792198072e-15
53.2 -0.05 -0.0049592323493 0.05 2.8274823753e-15
53.3 -0.0499999999998 -0.00511774866579 0.05 2.83742484803e-15
53.4 -0.0499999999999 -0.00527636685748 0.05 2.95981602671e-15
53.5 -0.0499999999999 -0.00543509015087 0.05 3.09668977472e-15
53.6 -0.05 -0.00559392178032 0.05 3.13925656845e-15
53.7 -0.0499999999999 -0.00575286498883 0.05 3.2611378333e-15
53.8 -0.0500000000002 -0.0059119230293 0.05 3.25670954505e-15
53.9 -0.05 -0.0060710991611 0.05 3.36355766915e-15
54.0 -0.0500000000001 -0.00623039665698 0.05 3.42066801859e-15
54.1 -0.0499999999999 -0.00638981879711 0.05 3.48457665446e-15
54.2 -0.0499999999999 -0.00654936887192 0.05 3.54725878662e-15
54.3 -0.0500000000002 -0.00670905018374 0.05 3.55239180628e-15
54.4 -0.0500000000002 -0.00686886604067 0.05 3.58736240854e-15
54.5 -0.0499999999994 -0.00702881976794 0.05 3.70992638194e-15
54.6 -0.05 -0.00718891469972 0.05 3.69046664701e-15
54.7 -0.05 -0.00734915417991 0.05 3.73488166663e-15
54.8 -0.0500000000001 -0.0075095415656 0.05 3.72216939616e-15
54.9 -0.05 -0.00767008022561 0.05 3.75075337e-15
55.0 -0.0499999999999 -0.00783077354135 0.05 3.75431937871e-15
55.1 -0.05 -0.00799162490684 0.05 3.79785517813e-15
55.2 -0.0500000000001 -0.00815263772845 0.05 3.79776369857e-15
55.3 -0.0500000000001 -0.00831381542632 0.05 3.86255833091e-15
55.4 -0.05 -0.00847516143401 0.05 3.77898328407e-15
55.5 -0.0499999999997 -0.00863667919872 0.05 3.89074419926e-15
55.6 -0.0499999999999 -0.00879837218246 0.05 3.80681678671e-15
55.7 -0.0500000000002 -0.00896024385897 0.05 3.78487863338e-15
55.8 -0.0500000000001 -0.0091222977212 0.05 3.84946658967e-15
55.9 -0.0499999999999 -0.00928453727377 0.05 3.77999294734e-15
56.0 -0.05 -0.00944696603787 0.05 3.77552738964e-15
56.1 -0.0500000000001 -0.00960958754995 0.05 3.80901568424e-15
56.2 -0.05 -0.00977240536312 0.05 3.79292883451e-15
56.3 -0.05 -0.0099354230456 0.05 3.72883893359e-15
56.4 -0.0500000000001 -0.0100986441838 0.05 3.72674845628e-15
56.5 -0.05 -0.01026207238 0.05 3.74841217093e-15
56.6 -0.05 -0.0104257112541 0.05 3.78059942293e-15
56.7 -0.05 -0.0105895644437 0.05 3.77208504774e-15
56.8 -0.05 -0.0107536356045 0.05 3.75402630531e-15
56.9 -0.0500000000001 -0.0109179284104 0.05 3.75656740415e-15
57.0 -0.0500000000001 -0.0110824465538 0.05 3.73482576246e-15
57.1 -0.05 -0.0112471937465 0.05 3.72810370899e-15
57.2 -0.05 -0.0114121737196 0.05 3.72765986373e-15
57.3 -0.05 -0.0115773902234 0.05 3.76386544002e-15
57.4 -0.0499999999998 -0.0117428470291 0.05 3.7591627131e-15
57.5 -0.05 -0.0119085479281 0.05 3.78180898598e-15
57.6 -0.05 -0.012074496732 0.05 3.76756527994e-15
57.7 -0.0499999999998 -0.0122406972745 0.05 3.79998970116e-15
57.8 -0.05 -0.0124071534106 0.05 3.79330152901e-15
57.9 -0.0499999999995 -0.0125738690168 0.05 3.77819723749e-15
58.0 -0.05 -0.0127408479922 0.05 3.83409802388e-15
58.1 -0.0499999999999 -0.0129080942592 0.05 3.79609673773e-15
58.2 -0.0500000000001 -0.0130756117622 0.05 3.82421484345e-15
58.3 -0.05 -0.0132434044701 0.05 3.83061841253e-15
58.4 -0.0499999999997 -0.0134114763753 0.05 3.86926344372e-15
58.5 -0.05 -0.0135798314945 0.05 3.89236711439e-15
58.6 -0.0500000000004 -0.0137484738691 0.05 3.87231276233e-15
58.7 -0.05 -0.0139174075657 0.05 3.90040715112e-15
58.8 -0.0499999999995 -0.0140866366766 0.05 3.88509618357e-15
58.9 -0.0500000000001 -0.0142561653199 0.05 3.93104263876e-15
59.0 -0.05 -0.0144259976399 0.05 3.894233975e-15
59.1 -0.05 -0.0145961378087 0.05 3.91704626634e-15
59.2 -0.05 -0.0147665900241 0.05 3.92241645522e-15
59.3 -0.0499999999997 -0.0149373585133 0.05 3.90090859463e-15
59.4 -0.0500000000001 -0.0151084475304 0.05 3.93297726201e-15
59.5 -0.0499999999998 -0.0152798613594 0.05 3.92345322355e-15
59.6 -0.0499999999999 -0.0154516043115 0.05 3.90424590444e-15
59.7 -0.0500000000002 -0.0156236807295 0.05 3.917629025e-15
59.8 -0.05 -0.0157960949851 0.05 3.91985841572e-15
59.9 -0.0499999999999 -0.0159688514811 0.05 3.8846523383e-15
60.0 -0.0499999999999 -0.0161419546506 0.05 3.87860452306e-15
60.1 -0.0499999999999 -0.016315408958 0.05 3.8849403295e-15
60.2 -0.0500000000001 -0.0164892189023 0.05 3.87511135918e-15
60.3 -0.05 -0.0166633890112 0.05 3.85213982565e-15
60.4 -0.0500000000002 -0.0168379238475 0.05 3.84575319723e-15
60.5 -0.0499999999999 -0.0170128280077 0.05 3.9120860414e-15
60.6 -0.05 -0.0171881061217 0.05 3.86523156689e-15
60.7 -0.0500000000001 -0.017363762854 0.05 3.86354766539e-15
60.8 -0.0499999999997 -0.0175398029043 0.05 3.86007821844e-15
60.9 -0.05 -0.0177162310086 0.05 3.91289919303e-15
61.0 -0.0500000000001 -0.0178930519383 0.05 3.87040524413e-15
61.1 -0.05 -0.0180702705017 0.05 3.88486579061e-15
61.2 -0.0500000000002 -0.0182478915446 0.05 3.89553840574e-15
61.3 -0.05 -0.0184259199512 0.05 3.87525027259e-15
61.4 -0.05 -0.0186043606433 0.05 3.91387497498e-15
61.5 -0.0500000000001 -0.0187832185831 0.05 3.95916074447e-15
61.6 -0.0500000000001 -0.0189624987702 0.05 3.99159194196e-15
61.7 -0.0499999999999 -0.0191422062473 0.05 4.02400958692e-15
61.8 -0.0500000000001 -0.0193223460962 0.05 4.05375060776e-15
61.9 -0.05 -0.0195029234414 0.05 4.08695429929e-15
62.0 -0.0499999999999 -0.0196839434481 0.05 4.17446296714e-15
62.1 -0.05 -0.0198654113257 0.05 4.16265871599e-15
62.2 -0.05 -0.0200473323266 0.05 4.26685054476e-15
62.3 -0.0500000000001 -0.0202297117477 0.05 4.25602207556e-15
62.4 -0.05 -0.0204125549299 0.05 4.35332244428e-15
62.5 -0.0500000000001 -0.0205958672604 0.05 4.42631635554e-15
62.6 -0.05 -0.0207796541725 0.05 4.48033672879e-15
62.7 -0.05 -0.0209639211461 0.05 4.56201780996e-15
62.8 -0.0499999999999 -0.021148673709 0.05 4.60868593722e-15
62.9 -0.05 -0.0213339174373 0.05 4.67912519711e-15
63.0 -0.05 -0.0215196579561 0.05 4.70434645015e-15
63.1 -0.05 -0.0217059009404 0.05 4.85702922109e-15
63.2 -0.05 -0.0218926521158 0.05 4.8364497086e-15
63.3 -0.0500000000001 -0.0220799172592 0.05 4.8919676361e-15
63.4 -0.05 -0.0222677021999 0.05 4.96755685631e-15
63.5 -0.0499999999998 -0.0224560128197 0.05 4.9750378513e-15
63.6 -0.0499999999991 -0.0226448550544 0.05 5.04793011861e-15
63.7 -0.0499999999999 -0.0228342348953 0.05 5.1607345784e-15
63.8 -0.0499999999999 -0.0230241583868 0.05 5.21278305894e-15
63.9 -0.0499999999999 -0.0232146316315 0.05 5.22985246689e-15
64.0 -0.05 -0.0234056607887 0.05 5.27309180478e-15
64.1 -0.05 -0.023597252075 0.05 5.2900189112e-15
64.2 -0.0499999999998 -0.0237894117667 0.05 5.31292268209e-15
64.3 -0.0500000000001 -0.0239821461996 0.05 5.29405078803e-15
64.4 -0.0500000000004 -0.0241754617696 0.05 5.36010580539e-15
64.5 -0.0500000000001 -0.0243693649355 0.05 5.40638090936e-15
64.6 -0.0500000000002 -0.024563862217 0.05 5.39162898355e-15
64.7 -0.0499999999998 -0.0247589601979 0.05 5.399713066e-15
64.8 -0.05 -0.0249546655278 0.05 5.43162249119e-15
64.9 -0.05 -0.0251509849198 0.05 5.37886927924e-15
65.0 -0.05 -0.0253479251543 0.05 5.4351935821e-15
65.1 -0.0499999999999 -0.0255454930797 0.05 5.35545051231e-15
65.2 -0.0499999999998 -0.025743695612 0.05 5.38139004929e-15
65.3 -0.0500000000001 -0.0259425397374 0.05 5.32455752666e-15
65.4 -0.0499999999991 -0.0261420325122 0.05 5.30993434986e-15
65.5 -0.05 -0.0263421810654 0.05 5.36955191682e-15
65.6 -0.0499999999999 -0.0265429925982 0.05 5.27893294399e-15
65.7 -0.0499999999999 -0.0267444743857 0.05 5.24982211566e-15
65.8 -0.05 -0.0269466337785 0.05 5.210445248e-15
65.9 -0.05 -0.0271494782031 0.05 5.19431096442e-15
66.0 -0.0499999999999 -0.0273530151642 0.05 5.15489343919e-15
66.1 -0.0500000000001 -0.0275572522445 0.05 5.07658693728e-15
66.2 -0.0499999999998 -0.0277621971065 0.05 5.08187242287e-15
66.3 -0.05 -0.0279678574952 0.05 5.04935991023e-15
66.4 -0.0499999999998 -0.0281742412363 0.05 5.08155393849e-15
66.5 -0.05 -0.0283813562409 0.05 4.99676255233e-15
66.6 -0.0499999999988 -0.0285892105038 0.05 4.96438556496e-15
66.7 -0.0499999999999 -0.0287978121067 0.05 4.95506142627e-15
66.8 -0.0499999999999 -0.0290071692198 0.05 4.94936936487e-15
66.9 -0.0499999999999 -0.0292172901009 0.05 4.91186952223e-15
67.0 -0.05 -0.0294281831 0.05 4.90362280945e-15
67.1 -0.0500000000002 -0.0296398566582 0.05 4.86641434615e-15
67.2 -0.0499999999998 -0.0298523193104 0.05 4.97642020907e-15
67.3 -0.05 -0.0300655796862 0.05 4.87262817985e-15
67.4 -0.05 -0.0302796465116 0.05 4.95420761706e-15
67.5 -0.0500000000002 -0.0304945286112 0.05 4.96118039229e-15
67.6 -0.0499999999998 -0.0307102349084 0.05 4.93731439196e-15
67.7 -0.0500000000001 -0.0309267744288 0.05 4.90247084465e-15
67.8 -0.0499999999999 -0.031144156299 0.05 5.04467751209e-15
67.9 -0.05 -0.031362389753 0.05 4.99962213556e-15
68.0 -0.0500000000007 -0.0315814841283 0.05 5.04701532303e-15
68.1 -0.0499999999991 -0.0318014488711 0.05 5.02459944311e-15
68.2 -0.0499999999999 -0.0320222935373 0.05 5.13425294033e-15
68.3 -0.0499999999999 -0.0322440277947 0.05 5.14236412784e-15
68.4 -0.0500000000001 -0.0324666614236 0.05 5.2170317762e-15
68.5 -0.05 -0.0326902043199 0.05 5.27093695296e-15
68.6 -0.0499999999999 -0.0329146664958 0.05 5.22448566614e-15
68.7 -0.0500000000001 -0.0331400580842 0.05 5.24135178618e-15
68.8 -0.0500000000001 -0.0333663893351 0.05 5.50822815094e-15
68.9 -0.0499999999997 -0.0335936706262 0.05 5.50142478231e-15
69.0 -0.05 -0.0338219124557 0.05 5.50017117355e-15
69.1 -0.05 -0.0340511254516 0.05 5.58433236719e-15
69.2 -0.0499999999997 -0.0342813203703 0.05 5.66608798725e-15
69.3 -0.0499999999997 -0.0345125080985 0.05 5.74249713536e-15
69.4 -0.05 -0.0347446996572 0.05 5.80876899315e-15
69.5 -0.05 -0.0349779062027 0.05 5.84886414474e-15
69.6 -0.0499999999999 -0.0352121390293 0.05 5.97141287155e-15
69.7 -0.0500000000003 -0.0354474095722 0.05 5.9924463937e-15
69.8 -0.05 -0.035683729406 0.05 6.09406324232e-15
69.9 -0.0500000000001 -0.0359211102552 0.05 6.18729107662e-15
70.0 -0.0500000000006 -0.0361595639902 0.05 6.25754060114e-15
70.1 -0.0500000000001 -0.036399102628 0.05 6.25461325527e-15
70.2 -0.0500000000005 -0.0366397383425 0.05 6.41979823251e-15
70.3 -0.05 -0.036881483461 0.05 6.39841912092e-15
70.4 -0.0500000000001 -0.0371243504684 0.05 6.51582466368e-15
70.5 -0.0500000000001 -0.0373683520103 0.05 6.60445819128e-15
70.6 -0.0500000000003 -0.0376135008967 0.05 6.64046725593e-15
70.7 -0.0499999999998 -0.0378598101015 0.05 6.74522829085e-15
70.8 -0.0500000000002 -0.0381072927701 0.05 6.84828848361e-15
70.9 -0.0499999999999 -0.0383559622186 0.05 6.92172962826e-15
71.0 -0.0499999999996 -0.0386058319381 0.05 6.97251094752e-15
71.1 -0.0499999999998 -0.0388569155985 0.05 7.18722363525e-15
71.2 -0.0500000000002 -0.0391092270492 0.05 7.25730375318e-15
71.3 -0.0499999999997 -0.0393627803279 0.05 7.31421759097e-15
71.4 -0.05 -0.039617589655 0.05 7.44523664725e-15
71.5 -0.0500000000001 -0.0398736694442 0.05 7.50750373327e-15
71.6 -0.0499999999998 -0.0401310343046 0.05 7.66672559856e-15
71.7 -0.0500000000011 -0.0403896990423 0.05 7.75835423466e-15
71.8 -0.0499999999999 -0.0406496786625 0.05 7.87063014589e-15
71.9 -0.05 -0.0409109883804 0.05 8.05640141188e-15
72.0 -0.0500000000002 -0.0411736436161 0.05 8.06915433993e-15
72.1 -0.0500000000005 -0.0414376600032 0.05 8.18943979471e-15
72.2 -0.0500000000005 -0.0417030533912 0.05 8.32634742404e-15
72.3 -0.0500000000001 -0.0419698398513 0.05 8.43239594903e-15
72.4 -0.0500000000006 -0.0422380356773 0.05 8.64831481168e-15
72.5 -0.05 -0.0425076573943 0.05 8.75103619126e-15
72.6 -0.0500000000002 -0.0427787217556 0.05 8.75900507723e-15
72.7 -0.0499999999999 -0.0430512457555 0.05 8.86268868624e-15
72.8 -0.05 -0.0433252466271 0.05 8.94031078552e-15
72.9 -0.0499999999988 -0.0436007418507 0.05 9.11969203496e-15
73.0 -0.0500000000001 -0.043877749156 0.05 9.22925066449e-15
73.1 -0.0499999999998 -0.0441562865293 0.05 9.36008676166e-15
73.2 -0.0500000000001 -0.0444363722145 0.05 9.48959471116e-15
73.3 -0.0499999999997 -0.0447180247225 0.05 9.64831513295e-15
73.4 -0.05 -0.045001262832 0.05 9.73530880476e-15
73.5 -0.0500000000005 -0.0452861055987 0.05 9.92021270902e-15
73.6 -0.05 -0.045572572356 0.05 1.00655567865e-14
73.7 -0.0499999999997 -0.0458606827242 0.05 1.0087654182e-14
73.8 -0.0500000000004 -0.0461504566158 0.05 1.03081809039e-14
73.9 -0.0500000000001 -0.0464419142362 0.05 1.03827672371e-14
74.0 -0.0500000000002 -0.0467350760963 0.05 1.046094499e-14
74.1 -0.0500000000002 -0.047029963013 0.05 1.05861432359e-14
74.2 -0.05 -0.0473265961198 0.05 1.06817901963e-14
74.3 -0.05 -0.047624996868 0.05 1.07777691936e-14
74.4 -0.0499999999999 -0.0479251870359 0.05 1.09120340801e-14
74.5 -0.05 -0.0482271887356 0.05 1.09553547332e-14
74.6 -0.0500000000001 -0.0485310244175 0.05 1.10827484885e-14
74.7 -0.05 -0.0488367168798 0.05 1.12111586833e-14
74.8 -0.0500000000002 -0.0491442892727 0.05 1.12938290989e-14
74.9 -0.0500000000001 -0.0494537651056 0.05 1.12869376389e-14
75.0 -0.0499999999997 -0.0497651682577 0.05 1.13463451417e-14
75.1 -0.0500000000002 -0.0500785229813 0.05 1.14582957922e-14
75.2 -0.0499999999999 -0.0503938539109 0.05 1.14961276718e-14
75.3 -0.0499999999999 -0.050711186072 0.05 1.14849671657e-14
75.4 -0.05 -0.0510305448876 0.05 1.15169985636e-14
75.5 -0.0500000000002 -0.0513519561877 0.05 1.16280344186e-14
75.6 -0.0499999999999 -0.0516754462121 0.05 1.1684013132e-14
75.7 -0.0499999999997 -0.0520010416318 0.05 1.17072489398e-14
75.8 -0.0499999999996 -0.052328769544 0.05 1.17420857109e-14
75.9 -0.05 -0.0526586574866 0.05 1.16999237989e-14
76.0 -0.0500000000001 -0.0529907334495 0.05 1.17959773351e-14
76.1 -0.0500000000001 -0.053325025881 0.05 1.17664260496e-14
76.2 -0.0500000000001 -0.0536615636977 0.05 1.17779050401e-14
76.3 -0.0499999999998 -0.0540003762965 0.05 1.18312342345e-14
76.4 -0.0500000000002 -0.0543414935622 0.05 1.18695946626e-14
76.5 -0.0500000000001 -0.0546849458782 0.05 1.18627370839e-14
76.6 -0.0499999999998 -0.05503076414 0.05 1.18483036425e-14
76.7 -0.0500000000001 -0.055378979763 0.05 1.18452882052e-14
76.8 -0.0499999999998 -0.0557296246945 0.05 1.18733080551e-14
76.9 -0.0500000000002 -0.056082731426 0.05 1.19327020053e-14
77.0 -0.0499999999998 -0.0564383330042 0.05 1.18998913371e-14
77.1 -0.0499999999999 -0.0567964630441 0.05 1.19323496396e-14
77.2 -0.0499999999996 -0.0571571557399 0.05 1.1871661423e-14
77.3 -0.0499999999998 -0.0575204458796 0.05 1.18796980716e-14
77.4 -0.0499999999998 -0.0578863688556 0.05 1.19411994398e-14
77.5 -0.0499999999999 -0.0582549606809 0.05 1.19331492387e-14
77.6 -0.0500000000001 -0.0586262580017 0.05 1.19728107094e-14
77.7 -0.0499999999997 -0.0590002981109 0.05 1.19583433867e-14
77.8 -0.0500000000001 -0.0593771189637 0.05 1.2069541872e-14
77.9 -0.05 -0.0597567591922 0.05 1.20249472814e-14
78.0 -0.05 -0.0601392581205 0.05 1.20305783564e-14
78.1 -0.05 -0.0605246557802 0.05 1.20589166907e-14
78.2 -0.0500000000012 -0.0609129929285 0.05 1.21217258778e-14
78.3 -0.0500000000001 -0.0613043110605 0.05 1.21251207859e-14
78.4 -0.0500000000001 -0.0616986524331 0.05 1.21035112813e-14
78.5 -0.0500000000013 -0.0620960600758 0.05 1.22697669082e-14
78.6 -0.0499999999998 -0.0624965778129 0.05 1.22026751225e-14
78.7 -0.0499999999998 -0.0629002502798 0.05 1.2226107442e-14
78.8 -0.0499999999998 -0.0633071229447 0.05 1.22497023918e-14
78.9 -0.05 -0.0637172421251 0.05 1.22672258094e-14
79.0 -0.0500000000008 -0.0641306550099 0.05 1.2299352075e-14
79.1 -0.0499999999998 -0.0645474096825 0.05 1.23660305086e-14
79.2 -0.0500000000001 -0.0649675551345 0.05 1.22523451346e-14
79.3 -0.05 -0.0653911412967 0.05 1.22596906043e-14
79.4 -0.0499999999998 -0.0658182190553 0.05 1.23168212825e-14
79.5 -0.0499999999999 -0.066248840281 0.05 1.23175056851e-14
79.6 -0.0500000000001 -0.0666830578454 0.05 1.23169839128e-14
79.7 -0.0499999999997 -0.0671209256519 0.05 1.22919049613e-14
79.8 -0.0500000000001 -0.06756249866 0.05 1.23527761371e-14
79.9 -0.05 -0.0680078329089 0.05 1.22756012712e-14
80.0 -0.05 -0.0684569855455 0.05 1.23238685966e-14
80.1 -0.0499999999999 -0.0689100148559 0.05 1.21958310963e-14
80.2 -0.05 -0.0693669802868 0.05 1.22668260098e-14
80.3 -0.0500000000001 -0.0698279424812 0.05 1.21685905167e-14
80.4 -0.0500000000001 -0.0702929633054 0.05 1.21136553479e-14
80.5 -0.0500000000002 -0.0707621058826 0.05 1.20338445155e-14
80.6 -0.05 -0.0712354346224 0.05 1.20207256692e-14
80.7 -0.0500000000004 -0.0717130152568 0.05 1.20546069871e-14
80.8 -0.0499999999999 -0.0721949148706 0.05 1.19501779891e-14
80.9 -0.0499999999994 -0.0726812019441 0.05 1.18516782217e-14
81.0 -0.0499999999999 -0.0731719463758 0.05 1.18676905326e-14
81.1 -0.0500000000001 -0.0736672195402 0.05 1.17840578875e-14
81.2 -0.0499999999997 -0.0741670943073 0.05 1.17560380376e-14
81.3 -0.0500000000001 -0.0746716450931 0.05 1.16833287294e-14
81.4 -0.0499999999999 -0.0751809478981 0.05 1.16980535501e-14
81.5 -0.0499999999991 -0.07569508035 0.05 1.14986619944e-14
81.6 -0.0500000000001 -0.0762141217486 0.05 1.140790072e-14
81.7 -0.0499999999998 -0.0767381531094 0.05 1.13795623857e-14
81.8 -0.05 -0.0772672572117 0.05 1.12800326263e-14
81.9 -0.05 -0.0778015186487 0.05 1.12281535523e-14
82.0 -0.0500000000001 -0.0783410238751 0.05 1.1103355106e-14
82.1 -0.0499999999997 -0.078885861259 0.05 1.0974477349e-14
82.2 -0.0500000000003 -0.0794361211368 0.05 1.10347318848e-14
82.3 -0.0500000000002 -0.0799918958681 0.05 1.09653022881e-14
82.4 -0.05 -0.080553279892 0.05 1.09327423416e-14
82.5 -0.0500000000001 -0.0811203697871 0.05 1.07896276549e-14
82.6 -0.0500000000001 -0.0816932643326 0.05 1.07111381938e-14
82.7 -0.0499999999999 -0.0822720645711 0.05 1.06576395929e-14
82.8 -0.05 -0.0828568738745 0.05 1.05433104738e-14
82.9 -0.05 -0.0834477980112 0.05 1.05469357748e-14
83.0 -0.05 -0.0840449452174 0.05 1.04390576587e-14
83.1 -0.0500000000002 -0.0846484262662 0.05 1.04243667192e-14
83.2 -0.0499999999997 -0.0852583545509 0.05 1.03597414935e-14
83.3 -0.05 -0.0858748461513 0.05 1.03800296266e-14
83.4 -0.05 -0.0864980199239 0.05 1.03643358002e-14
83.5 -0.0499999999998 -0.0871279975806 0.05 1.03073948573e-14
83.6 -0.0500000000003 -0.0877649037786 0.05 1.02442265283e-14
83.7 -0.0499999999999 -0.0884088662051 0.05 1.02724428898e-14
83.8 -0.0500000000001 -0.0890600156765 0.05 1.01766671804e-14
83.9 -0.0500000000001 -0.0897184862304 0.05 1.01755219918e-14
84.0 -0.0499999999999 -0.0903844152267 0.05 1.018272516e-14
84.1 -0.05 -0.0910579434541 0.05 1.01640294488e-14
84.2 -0.0499999999999 -0.0917392152337 0.05 1.01339631673e-14
84.3 -0.0499999999998 -0.0924283785344 0.05 1.01622811728e-14
84.4 -0.05 -0.0931255850863 0.05 1.01157079132e-14
84.5 -0.05 -0.0938309905034 0.05 1.00940780799e-14
84.6 -0.0500000000002 -0.0945447544101 0.05 1.00009993234e-14
84.7 -0.0499999999992 -0.0952670405649 0.05 1.00604068262e-14
84.8 -0.0499999999999 -0.0959980170048 0.05 1.00142198136e-14
84.9 -0.0500000000001 -0.0967378561781 0.05 9.95704170156e-15
85.0 -0.0499999999996 -0.0974867350956 0.05 1.00499578277e-14
85.1 -0.0499999999998 -0.0982448354808 0.05 1.00738034993e-14
85.2 -0.0499999999998 -0.0990123439274 0.05 9.94411936692e-15
85.3 -0.0500000000005 -0.0997894520647 0.05 9.94619967984e-15
85.4 -0.0499999999997 -0.100576356729 0.05 9.99620172878e-15
85.5 -0.0499999999999 -0.101373260143 0.05 9.98991335618e-15
85.6 -0.0500000000004 -0.102180370098 0.05 9.9222252593e-15
85.7 -0.0500000000001 -0.102997900153 0.05 9.94280477179e-15
85.8 -0.0499999999998 -0.103826069829 0.05 9.9143918986e-15
85.9 -0.05 -0.104665104826 0.05 9.94721611938e-15
86.0 -0.0500000000002 -0.105515237237 0.05 9.86123211083e-15
86.1 -0.0499999999999 -0.106376705781 0.05 9.88656856035e-15
86.2 -0.0500000000002 -0.107249756037 0.05 9.83433712069e-15
86.3 -0.05 -0.108134640695 0.05 9.85087120382e-15
86.4 -0.0500000000002 -0.109031619815 0.0499999999999 9.90262152877e-15
86.5 -0.05 -0.109940961099 0.0499999999999 9.81419806534e-15
86.6 -0.0500000000001 -0.110862940171 0.0499999999999 9.81249044692e-15
86.7 -0.05 -0.111797840875 0.0499999999998 9.70603534611e-15
86.8 -0.0500000000002 -0.112745955585 0.0499999999998 9.65875735512e-15
86.9 -0.0500000000002 -0.113707585528 0.0499999999997 9.74372492413e-15
87.0 -0.05 -0.114683041117 0.0499999999995 9.69715844082e-15
87.1 -0.0499999999999 -0.11567264231 0.0499999999993 9.66269436426e-15
87.2 -0.0499999999997 -0.116676718979 0.0499999999991 9.67611136615e-15
87.3 -0.0500000000003 -0.117695611298 0.0499999999987 9.67664669097e-15
87.4 -0.0499999999997 -0.118729670141 0.0499999999983 9.60265666896e-15
87.5 -0.0500000000002 -0.119779257519 0.0499999999976 9.59699171261e-15
87.6 -0.0500000000001 -0.120844747015 0.0499999999967 9.60585506537e-15
87.7 -0.0499999999999 -0.121926524257 0.0499999999955 9.61483361461e-15
87.8 -0.0499999999999 -0.123024987406 0.0499999999939 9.6557283653e-15
87.9 -0.0500000000002 -0.124140547666 0.0499999999917 9.63859797098e-15
88.0 -0.0499999999999 -0.125273629829 0.0499999999888 9.62966007932e-15
88.1 -0.0500000000002 -0.126424672838 0.0499999999848 9.64618738619e-15
88.2 -0.0499999999999 -0.127594130381 0.0499999999795 9.63562319127e-15
88.3 -0.049999999999 -0.128782471516 0.0499999999725 9.66810859886e-15
88.4 -0.05 -0.129990181332 0.0499999999631 9.69202880929e-15
88.5 -0.05 -0.131217761633 0.0499999999506 9.65710394681e-15
88.6 -0.0500000000001 -0.13246573167 0.049999999934 9.67779865578e-15
88.7 -0.0500000000003 -0.133734628904 0.0499999999122 9.60138950767e-15
88.8 -0.0499999999999 -0.135025009814 0.0499999998833 9.67210659437e-15
88.9 -0.0499999999988 -0.136337450743 0.0499999998454 9.61923140967e-15
89.0 -0.05 -0.137672548793 0.0499999997958 9.64687856507e-15
89.1 -0.0499999999999 -0.139030922774 0.0499999997308 9.69138506425e-15
89.2 -0.0499999999999 -0.140413214192 0.049999999646 9.70042459986e-15
89.3 -0.0500000000001 -0.141820088304 0.0499999995357 9.64111196477e-15
89.4 -0.0499999999993 -0.143252235229 0.0499999993925 9.67162547966e-15
89.5 -0.05 -0.144710371118 0.0499999992072 9.71228983739e-15
89.6 -0.0499999999998 -0.146195239395 0.0499999989679 9.59940745057e-15
89.7 -0.0500000000004 -0.147707612067 0.0499999986597 9.5886026983e-15
89.8 -0.0500000000001 -0.149248291114 0.049999998264 9.52404523519e-15
89.9 -0.0500000000001 -0.150818109956 0.0499999977569 9.56624780475e-15
90.0 -0.0499999999991 -0.152417935011 0.049999997109 9.57714064846e-15
90.1 -0.0499999999999 -0.154048667344 0.0499999962832 9.50535291211e-15
90.2 -0.0499999999998 -0.155711244415 0.0499999952335 9.51215289261e-15
90.3 -0.05 -0.157406641942 0.0499999939026 9.61067298877e-15
90.4 -0.0500000000019 -0.159135875867 0.0499999922196 9.54693545356e-15
90.5 -0.0499999999999 -0.160900004449 0.0499999900968 9.49724511274e-15
90.6 -0.0499999999999 -0.162700130504 0.0499999874262 9.3489431962e-15
90.7 -0.0500000000001 -0.164537403761 0.0499999840754 9.38121176336e-15
90.8 -0.0499999999984 -0.166413023388 0.0499999798821 9.3761431182e-15
90.9 -0.05 -0.168328240687 0.0499999746479 9.24459551336e-15
91.0 -0.0500000000001 -0.170284361945 0.0499999681317 9.21183905523e-15
91.1 -0.05 -0.172282751499 0.0499999600407 9.15298042979e-15
91.2 -0.0499999999999 -0.174324834997 0.0499999500205 9.09207537275e-15
91.3 -0.0500000000001 -0.176412102872 0.0499999376438 9.0599355546e-15
91.4 -0.0500000000001 -0.17854611408 0.0499999223965 8.95583181725e-15
91.5 -0.0500000000001 -0.180728500069 0.049999903662 8.86852982544e-15
91.6 -0.0500000000014 -0.182960969052 0.0499998807034 8.79447542893e-15
91.7 -0.05 -0.185245310583 0.0499998526423 8.76726873066e-15
91.8 -0.0500000000003 -0.187583400434 0.0499998184352 8.65561623569e-15
91.9 -0.0499999999996 -0.189977205877 0.0499997768459 8.58295436134e-15
92.0 -0.05 -0.192428791319 0.0499997264149 8.55725199359e-15
92.1 -0.0499999999999 -0.194940324376 0.0499996654244 8.37732864307e-15
92.2 -0.0500000000001 -0.197514082407 0.049999591859 8.31794146907e-15
92.3 -0.0499999999998 -0.200152459545 0.0499995033613 8.23597578483e-15
92.4 -0.0500000000002 -0.202857974282 0.0499993971836 8.19341068516e-15
92.5 -0.0500000000002 -0.205633277651 0.0499992701327 8.05164108672e-15
92.6 -0.0499999999999 -0.208481162065 0.0499991185108 7.99388021598e-15
92.7 -0.0499999999999 -0.211404570859 0.0499989380493 7.87377772032e-15
92.8 -0.0500000000001 -0.214406608638 0.0499987238376 7.74480848377e-15
92.9 -0.05 -0.217490552475 0.0499984702452 7.76683811666e-15
93.0 -0.0500000000001 -0.220659864052 0.0499981708389 7.68293780917e-15
93.1 -0.05 -0.223918202848 0.0499978182933 7.60262553324e-15
93.2 -0.05 -0.227269440474 0.0499974042968 7.53810533959e-15
93.3 -0.0499999999996 -0.230717676269 0.0499969194521 7.46871978868e-15
93.4 -0.0499999999998 -0.234267254298 0.049996353173 7.38222756037e-15
93.5 -0.0499999999998 -0.237922781887 0.0499956935777 7.38369800956e-15
93.6 -0.0499999999999 -0.241689149876 0.0499949273799 7.26031580234e-15
93.7 -0.0499999999998 -0.24557155477 0.0499940397795 7.18403879137e-15
93.8 -0.0499999999999 -0.249575522996 0.049993014354 7.12975075571e-15
93.9 -0.05 -0.253706937512 0.0499918329524 7.10812431051e-15
94.0 -0.05 -0.257972067028 0.0499904755948 7.07299616012e-15
94.1 -0.0499999999999 -0.262377598154 0.049988920379 7.06031777096e-15
94.2 -0.0499999999997 -0.266930670816 0.0499871433977 6.96528067428e-15
94.3 -0.0499999999999 -0.271638917332 0.049985118669 6.98924154229e-15
94.4 -0.0499999999996 -0.276510505607 0.0499828180833 6.99771864803e-15
94.5 -0.05 -0.281554186951 0.0499802113711 6.879303442e-15
94.6 -0.0500000000004 -0.286779349119 0.0499772660938 6.84313174702e-15
94.7 -0.05 -0.292196075238 0.049973947663 6.85260835164e-15
94.8 -0.0499999999998 -0.297815209413 0.049970219391 6.84559830696e-15
94.9 -0.0499999999999 -0.303648429887 0.0499660425769 6.79380732444e-15
95.0 -0.0500000000001 -0.309708330835 0.0499613766322 6.74914158306e-15
95.1 -0.0499999999999 -0.316008513942 0.0499561792488 6.80002115814e-15
95.2 -0.0500000000001 -0.322563691224 0.049950406614 6.6475569217e-15
95.3 -0.0499999999998 -0.329389800674 0.0499440136743 6.75349702648e-15
95.4 -0.0499999999996 -0.336504136696 0.0499369544502 6.7175387838e-15
95.5 -0.0499999999999 -0.343925497535 0.0499291824057 6.66255109893e-15
95.6 -0.05 -0.351674352373 0.0499206508704 6.64895452606e-15
95.7 -0.0500000000001 -0.359773031207 0.0499113135179 6.70181107604e-15
95.8 -0.0500000000001 -0.368245941225 0.049901124896 6.56383957332e-15
95.9 -0.0499999999997 -0.377119814083 0.0498900410101 6.63991329638e-15
96.0 -0.0499999999991 -0.386423989392 0.0498780199536 6.56387853684e-15
96.1 -0.0499999999997 -0.396190740693 0.0498650225837 6.48035261791e-15
96.2 -0.05 -0.406455651623 0.0498510132348 6.43327283264e-15
96.3 -0.0500000000007 -0.41725805143 0.0498359604631 6.49789636431e-15
96.4 -0.0500000000001 -0.428641521168 0.0498198378142 6.39786007918e-15
96.5 -0.0499999999995 -0.440654484185 0.0498026246043 6.24492658649e-15
96.6 -0.0499999999999 -0.453350897917 0.0497843067029 6.18758753815e-15
96.7 -0.0499999999997 -0.466791067704 0.0497648773066 6.16601530305e-15
96.8 -0.0500000000003 -0.481042608599 0.0497443376886 6.00367635651e-15
96.9 -0.0499999999999 -0.496181587513 0.0497226979133 5.9084918761e-15
97.0 -0.0499999999998 -0.512293886412 0.0496999774983 5.8106392419e-15
97.1 -0.0500000000002 -0.529476838164 0.0496762060108 5.73592415969e-15
97.2 -0.0499999999999 -0.54784120083 0.0496514235839 5.62948430547e-15
97.3 -0.0499999999995 -0.567513555026 0.0496256813359 5.54051704689e-15
97.4 -0.0499999999998 -0.588639234015 0.0495990416817 5.33474733301e-15
97.5 -0.0500000000005 -0.611385929996 0.0495715785199 5.32224512671e-15
97.6 -0.0500000000001 -0.635948165884 0.0495433772865 5.13665512577e-15
97.7 -0.0500000000012 -0.662552885045 0.0495145348626 4.96376723091e-15
97.8 -0.0499999999994 -0.691466499224 0.0494851593282 4.75756129506e-15
97.9 -0.0500000000004 -0.723003858621 0.0494553695574 4.76249949714e-15
98.0 -0.0499999999998 -0.757539784871 0.0494252946483 4.49460161065e-15
98.1 -0.0499999999993 -0.795524063885 0.0493950731887 4.36472011962e-15
98.2 -0.050000000003 -0.837501173312 0.0493648523588 4.2110353087e-15
98.3 -0.0499999999999 -0.884136585777 0.0493347868753 4.00187153381e-15
98.4 -0.0499999999997 -0.936252355658 0.0493050377847 3.80126702684e-15
98.5 -0.0499999999996 -0.994876050874 0.0492757711181 3.59060146253e-15
98.6 -0.0499999999997 -1.0613092574 0.0492471564196 3.41813708414e-15
98.7 -0.0499999999998 -1.13722544286 0.0492193651666 3.16880277172e-15
98.8 -0.0499999999997 -1.22481298792 0.0491925691008 2.99083183214e-15
98.9 -0.0499999999989 -1.32698973342 0.0491669384928 2.76796094658e-15
99.0 -0.0499999999997 -1.44773455314 0.0491426403625 2.56039086417e-15
99.1 -0.0499999999997 -1.5926178703 0.0491198366831 2.3080190916e-15
99.2 -0.0499999999991 -1.76968585166 0.0490986825939 2.11324005373e-15
99.3 -0.0500000000004 -1.99100774729 0.0490793246493 1.8773227432e-15
99.4 -0.0499999999999 -2.27554952144 0.0490618991327 1.61698166114e-15
99.5 -0.0499999999993 -2.65492111441 0.0490465304614 1.46393551307e-15
99.6 -0.0499999999983 -3.18602041856 0.049033329708 1.14909230778e-15
99.7 -0.0500000000005 -3.9826432184 0.0490223932651 9.59660377152e-16
99.8 -0.0499999999992 -5.31031301086 0.0490138016727 7.62360992748e-16
99.9 -0.0499999999969 -7.96560028633 0.0490076186313 5.0605231692e-16
100.0 -0.0499999999896 -15.9313574959 0.0490038902148 1.98228314849e-16
